1614059640944735171
1614059640944735178
1614059640944735203
1614059640944735286
1614059640944735417
1614059640944735497
1614059640944735532
1614059640944735601
1614059640944735608
1614059640944735755
1614059640944735778
1614059640944735798
1614059640944735829
1614059640944735901
1614059640944735908
1614059640944735930
1614059640944735954
1614059640944736017
1614059640944736021
1614059640944736061
1614059640944736159
1614059640944736184
1614059640944736200
1614059640944736211
1614059640944736254
1614059640944736330
1614059640944736347
1614059640944736355
1614059640944736407
1614059640944736413
1614059640944736450
1614059640944736479
1614059640944736494
1614059640944736533
1614059640944736537
1614059640944736552
1614059640944736556
1614059640944736573
1614059640944736636
1614059640944736681
1614059640944736715
1614059640944736722
1614059640944736823
1614059640944736832
1614059640944736878
1614059640944736885
1614059640944737204
1614059640944737216
1614059640944737223
1614059640944737259
1614059640944737303
1614059640944737368
1614059640944737452
1614059640944737472
1614059640944737513
1614059640944737552
1614059640944737554
1614059640944737566
1614059640944737599
1614059640944737611
1614059640944737746
1614059640944737757
1614059640944737802
1614059640944737834
1614059640944737883
1614059640944737922
1614059640944737965
1614059640944737983
1614059640944738012
1614059640944738111
1614059640944738160
1614059640944738205
1614059640944738322
1614059640944738356
1614059640944738435
1614059640944738523
1614059640944738707
1614059640944739025
1614059640944739073
1614059640944739237
1614059640944739293
1614059640944739302
1614059640944739324
1614059640944739537
1614059640944739697
1614059640944739810
1614059640944739965
1614059640944740163
1614059640944740523
1614059640944740567
1614059640944740568
1614059640944740590
1614059640944740635
1614059640944740648
1614059640944740734