1614059640944711732
1614059640944711789
1614059640944711821
1614059640944711834
1614059640944711856
1614059640944711874
1614059640944711888
1614059640944711905
1614059640944711906
1614059640944711915
1614059640944712000
1614059640944712022
1614059640944712035
1614059640944712039
1614059640944712046
1614059640944712096
1614059640944712108
1614059640944712111
1614059640944712121
1614059640944712134
1614059640944712136
1614059640944712142
1614059640944712155
1614059640944712223
1614059640944712246
1614059640944712247
1614059640944712262
1614059640944712295
1614059640944712301
1614059640944712306
1614059640944712313
1614059640944712319
1614059640944712352
1614059640944712367
1614059640944712384
1614059640944712408
1614059640944712413
1614059640944712422
1614059640944712425
1614059640944712431
1614059640944712486
1614059640944712496
1614059640944712521
1614059640944712548
1614059640944712553
1614059640944712567
1614059640944712573
1614059640944712581
1614059640944712612
1614059640944712614
1614059640944712633
1614059640944712669
1614059640944712670
1614059640944712683
1614059640944712769
1614059640944712790
1614059640944712796
1614059640944712801
1614059640944712832
1614059640944712843
1614059640944712862
1614059640944712898
1614059640944712906
1614059640944713016
1614059640944713091
1614059640944713200
1614059640944713224
1614059640944713342
1614059640944713345
1614059640944713353
1614059640944713371
1614059640944713380
1614059640944713390
1614059640944713391
1614059640944713414
1614059640944713435
1614059640944713450
1614059640944713457
1614059640944713468
1614059640944713494
1614059640944713506
1614059640944713511
1614059640944713600
1614059640944713670
1614059640944713694
1614059640944713792
1614059640944713882
1614059640944713891
1614059640944713897
1614059640944713907
1614059640944714025
1614059640944714101
1614059640944714137
1614059640944714187
1614059640944714206
1614059640944714232
1614059640944714244
1614059640944714247
1614059640944714248
1614059640944714257
1614059640944714302
1614059640944714398
1614059640944714519
1614059640944714523
1614059640944714553
1614059640944714582
1614059640944714615
1614059640944714722
1614059640944714741
1614059640944714809
1614059640944714815
1614059640944714934
1614059640944714944
1614059640944714994
1614059640944715022
1614059640944715039
1614059640944715053
1614059640944715056
1614059640944715078
1614059640944715081
1614059640944715136
1614059640944715137
1614059640944715150
1614059640944715163
1614059640944715222
1614059640944715291
1614059640944715333
1614059640944715465
1614059640944715474
1614059640944715567
1614059640944715577
1614059640944715669
1614059640944715699
1614059640944715704
1614059640944715716
1614059640944715859
1614059640944715898
1614059640944715929
1614059640944715935
1614059640944716017
1614059640944716074
1614059640944716075
1614059640944716094
1614059640944716102
1614059640944716113
1614059640944716158
1614059640944716160
1614059640944716166
1614059640944716167
1614059640944716192
1614059640944716282
1614059640944716313
1614059640944716316
1614059640944716340
1614059640944716377
1614059640944716640
1614059640944716656
1614059640944716670
1614059640944716673
1614059640944716715
1614059640944716805
1614059640944716859
1614059640944716972
1614059640944716990
1614059640944717014
1614059640944717042
1614059640944717050
1614059640944717058
1614059640944717090
1614059640944717121
1614059640944717200
1614059640944717202
1614059640944717203
1614059640944717204
1614059640944717207
1614059640944717218
1614059640944717221
1614059640944717289
1614059640944717375
1614059640944717378
1614059640944717541
1614059640944717552
1614059640944717647
1614059640944717831
1614059640944717835
1614059640944717883
1614059640944717896
1614059640944717967
1614059640944718005
1614059640944718262
1614059640944718377
1614059640944718389
1614059640944718416
1614059640944718576
1614059640944718645
1614059640944718673
1614059640944718704
1614059640944718728
1614059640944718838
1614059640944718872
1614059640944718893
1614059640944718969
1614059640944718970
1614059640944718974
1614059640944718990
1614059640944719300
1614059640944719469
1614059640944719501
1614059640944719520
1614059640944719522
1614059640944719534
1614059640944719648
1614059640944719725
1614059640944719734
1614059640944719876
1614059640944719887
1614059640944719951
1614059640944719990
1614059640944720094
1614059640944720159
1614059640944720188
1614059640944720259
1614059640944720269
1614059640944720271
1614059640944720277
1614059640944720293
1614059640944720295
1614059640944720298
1614059640944720321
1614059640944720335
1614059640944720336
1614059640944720366
1614059640944720367
1614059640944720382
1614059640944720388
1614059640944720399
1614059640944720400
1614059640944720407
1614059640944720408
1614059640944720412
1614059640944720443
1614059640944720471
1614059640944720472
1614059640944720492
1614059640944720519
1614059640944720622
1614059640944720701
1614059640944720771
1614059640944720849
1614059640944720939
1614059640944720940
1614059640944720960
1614059640944720975
1614059640944720997
1614059640944721015
1614059640944721020
1614059640944721026
1614059640944721073
1614059640944721074
1614059640944721112
1614059640944721123
1614059640944721160
1614059640944721178
1614059640944721179
1614059640944721180
1614059640944721193
1614059640944721212
1614059640944721232
1614059640944721233
1614059640944721234
1614059640944721235
1614059640944721236
1614059640944721237
1614059640944721238
1614059640944721250
1614059640944721256
1614059640944721259
1614059640944721263
1614059640944721264
1614059640944721267
1614059640944721269
1614059640944721270
1614059640944721275
1614059640944721278
1614059640944721279
1614059640944721280
1614059640944721281
1614059640944721292
1614059640944721303
1614059640944721316
1614059640944721317
1614059640944721318
1614059640944721322
1614059640944721348
1614059640944721349
1614059640944721355
1614059640944721356
1614059640944721357
1614059640944721358
1614059640944721367
1614059640944721381
1614059640944721382
1614059640944721383
1614059640944721407
1614059640944721415
1614059640944721418
1614059640944721427
1614059640944721428
1614059640944721429
1614059640944721437
1614059640944721455
1614059640944721486
1614059640944721506
1614059640944721535
1614059640944721536
1614059640944721537
1614059640944721547
1614059640944721572
1614059640944721579
1614059640944721608
1614059640944721632
1614059640944721657
1614059640944721658
1614059640944721695
1614059640944721730
1614059640944721744
1614059640944721815
1614059640944721870
1614059640944721907
1614059640944721908
1614059640944721976
1614059640944721980
1614059640944721983
1614059640944721993
1614059640944721994
1614059640944722019
1614059640944722048
1614059640944722049
1614059640944722050
1614059640944722073
1614059640944722074
1614059640944722080
1614059640944722081
1614059640944722082
1614059640944722083
1614059640944722084
1614059640944722085
1614059640944722086
1614059640944722091
1614059640944722098
1614059640944722099
1614059640944722100
1614059640944722101
1614059640944722102
1614059640944722104
1614059640944722105
1614059640944722107
1614059640944722110
1614059640944722114
1614059640944722120
1614059640944722125
1614059640944722126
1614059640944722128
1614059640944722130
1614059640944722132
1614059640944722133
1614059640944722135
1614059640944722140
1614059640944722141
1614059640944722142
1614059640944722144
1614059640944722145
1614059640944722146
1614059640944722148
1614059640944722149
1614059640944722154
1614059640944722155
1614059640944722156
1614059640944722157
1614059640944722159
1614059640944722166
1614059640944722171
1614059640944722172
1614059640944722173
1614059640944722174
1614059640944722175
1614059640944722176
1614059640944722182
1614059640944722189
1614059640944722196
1614059640944722197
1614059640944722198
1614059640944722199
1614059640944722200
1614059640944722201
1614059640944722203
1614059640944722204
1614059640944722206
1614059640944722213
1614059640944722214
1614059640944722215
1614059640944722216
1614059640944722221
1614059640944722222
1614059640944722223
1614059640944722224
1614059640944722230
1614059640944722231
1614059640944722232
1614059640944722235
1614059640944722237
1614059640944722238
1614059640944722239
1614059640944722240
1614059640944722241
1614059640944722245
1614059640944722247
1614059640944722248
1614059640944722250
1614059640944722251
1614059640944722253
1614059640944722254
1614059640944722255
1614059640944722259
1614059640944722260
1614059640944722261
1614059640944722262
1614059640944722263
1614059640944722265
1614059640944722266
1614059640944722268
1614059640944722269
1614059640944722270
1614059640944722273
1614059640944722274
1614059640944722275
1614059640944722276
1614059640944722277
1614059640944722279
1614059640944722280
1614059640944722281
1614059640944722285
1614059640944722289
1614059640944722293
1614059640944722295
1614059640944722296
1614059640944722297
1614059640944722301
1614059640944722302
1614059640944722303
1614059640944722304
1614059640944722305
1614059640944722306
1614059640944722307
1614059640944722308
1614059640944722309
1614059640944722311
1614059640944722312
1614059640944722313
1614059640944722314
1614059640944722317
1614059640944722320
1614059640944722321
1614059640944722322
1614059640944722324
1614059640944722325
1614059640944722327
1614059640944722329
1614059640944722330
1614059640944722331
1614059640944722332
1614059640944722335
1614059640944722336
1614059640944722338
1614059640944722339
1614059640944722342
1614059640944722343
1614059640944722344
1614059640944722345
1614059640944722347
1614059640944722348
1614059640944722351
1614059640944722352
1614059640944722353
1614059640944722355
1614059640944722357
1614059640944722358
1614059640944722360
1614059640944722362
1614059640944722365
1614059640944722366
1614059640944722367
1614059640944722368
1614059640944722370
1614059640944722372
1614059640944722374
1614059640944722375
1614059640944722376
1614059640944722377
1614059640944722378
1614059640944722381
1614059640944722382
1614059640944722383
1614059640944722384
1614059640944722388
1614059640944722389
1614059640944722390
1614059640944722391
1614059640944722392
1614059640944722394
1614059640944722395
1614059640944722396
1614059640944722397
1614059640944722398
1614059640944722399
1614059640944722400
1614059640944722401
1614059640944722402
1614059640944722403
1614059640944722407
1614059640944722408
1614059640944722410
1614059640944722411
1614059640944722414
1614059640944722415
1614059640944722416
1614059640944722417
1614059640944722418
1614059640944722419
1614059640944722420
1614059640944722423
1614059640944722424
1614059640944722425
1614059640944722427
1614059640944722428
1614059640944722431
1614059640944722433
1614059640944722435
1614059640944722436
1614059640944722437
1614059640944722438
1614059640944722441
1614059640944722445
1614059640944722446
1614059640944722447
1614059640944722449
1614059640944722450
1614059640944722451
1614059640944722452
1614059640944722453
1614059640944722454
1614059640944722456
1614059640944722458
1614059640944722459
1614059640944722462
1614059640944722464
1614059640944722465
1614059640944722466
1614059640944722468
1614059640944722469
1614059640944722470
1614059640944722471
1614059640944722472
1614059640944722473
1614059640944722474
1614059640944722476
1614059640944722482
1614059640944722483
1614059640944722484
1614059640944722485
1614059640944722486
1614059640944722487
1614059640944722490
1614059640944722492
1614059640944722493
1614059640944722494
1614059640944722495
1614059640944722500
1614059640944722504
1614059640944722508
1614059640944722509
1614059640944722512
1614059640944722513
1614059640944722514
1614059640944722516
1614059640944722517
1614059640944722518
1614059640944722521
1614059640944722542
1614059640944722544
1614059640944722547
1614059640944722552
1614059640944722555
1614059640944722565
1614059640944722579
1614059640944722580
1614059640944722581
1614059640944722590
1614059640944722598
1614059640944722601
1614059640944722604
1614059640944722608
1614059640944722609
1614059640944722616
1614059640944722626
1614059640944722637
1614059640944722638
1614059640944722640
1614059640944722646
1614059640944722671
1614059640944722682
1614059640944722683
1614059640944722684
1614059640944722685
1614059640944722788
1614059640944722793
1614059640944722838
1614059640944722874
1614059640944722890
1614059640944722896
1614059640944722899
1614059640944722923
1614059640944722924
1614059640944722930
1614059640944722947
1614059640944722953
1614059640944722954
1614059640944722955
1614059640944722963
1614059640944722968
1614059640944722969
1614059640944722972
1614059640944722982
1614059640944723028
1614059640944723056
1614059640944723058
1614059640944723090
1614059640944723095
1614059640944723099
1614059640944723129
1614059640944723153
1614059640944723169
1614059640944723182
1614059640944723189
1614059640944723191
1614059640944723193
1614059640944723206
1614059640944723222
1614059640944723314
1614059640944723327
1614059640944723356
1614059640944723374
1614059640944723384
1614059640944723391
1614059640944723447
1614059640944723452
1614059640944723456
1614059640944723462
1614059640944723463
1614059640944723469
1614059640944723470
1614059640944723508
1614059640944723510
1614059640944723511
1614059640944723512
1614059640944723515
1614059640944723516
1614059640944723519
1614059640944723526
1614059640944723547
1614059640944723675
1614059640944723831
1614059640944723964
1614059640944723976
1614059640944723985
1614059640944723988
1614059640944723989
1614059640944724001
1614059640944724046
1614059640944724077
1614059640944724122
1614059640944724138
1614059640944724255
1614059640944724270
1614059640944724271
1614059640944724348
1614059640944724389
1614059640944724390
1614059640944724391
1614059640944724392
1614059640944724470
1614059640944724561
1614059640944724661
1614059640944724681
1614059640944724700
1614059640944724730
1614059640944724738
1614059640944724778
1614059640944724796
1614059640944724917
1614059640944724919
1614059640944724930
1614059640944725007
1614059640944725008
1614059640944725009
1614059640944725037
1614059640944725039
1614059640944725047
1614059640944725048
1614059640944725069
1614059640944725226
1614059640944725227
1614059640944725332
1614059640944725455
1614059640944725500
1614059640944725518
1614059640944725584
1614059640944725619
1614059640944725652
1614059640944725676
1614059640944725717
1614059640944725731
1614059640944725736
1614059640944725748
1614059640944725765
1614059640944725777
1614059640944725782
1614059640944725790
1614059640944725820
1614059640944725821
1614059640944725841
1614059640944725847
1614059640944725879
1614059640944725894
1614059640944725897
1614059640944725916
1614059640944725990
1614059640944726075
1614059640944726116
1614059640944726132
1614059640944726165
1614059640944726174
1614059640944726187
1614059640944726190
1614059640944726249
1614059640944726250
1614059640944726255
1614059640944726335
1614059640944726340
1614059640944726387
1614059640944726393
1614059640944726427
1614059640944726443
1614059640944726452
1614059640944726486
1614059640944726505
1614059640944726511
1614059640944726538
1614059640944726552
1614059640944726563
1614059640944726583
1614059640944726630
1614059640944726663
1614059640944726666
1614059640944726674
1614059640944726685
1614059640944726688
1614059640944726703
1614059640944726748
1614059640944726757
1614059640944726784
1614059640944726801
1614059640944726803
1614059640944726808
1614059640944726929
1614059640944726954
1614059640944726968
1614059640944726993
1614059640944726995
1614059640944727020
1614059640944727060
1614059640944727088
1614059640944727103
1614059640944727106
1614059640944727232
1614059640944727239
1614059640944727244
1614059640944727253
1614059640944727268
1614059640944727308
1614059640944727328
1614059640944727357
1614059640944727360
1614059640944727389
1614059640944727430
1614059640944727458
1614059640944727510
1614059640944727537
1614059640944727558
1614059640944727572
1614059640944727584
1614059640944727610
1614059640944727658
1614059640944727659
1614059640944727690
1614059640944727695
1614059640944727791
1614059640944727875
1614059640944727905
1614059640944727910
1614059640944727939
1614059640944728107
1614059640944728140
1614059640944728243
1614059640944728251
1614059640944728276
1614059640944728283
1614059640944728339
1614059640944728353
1614059640944728400
1614059640944728433
1614059640944728467
1614059640944728470
1614059640944728518
1614059640944728525
1614059640944728527
1614059640944728537
1614059640944728591
1614059640944728596
1614059640944728614
1614059640944728618
1614059640944728708
1614059640944728808
1614059640944728811
1614059640944728822
1614059640944728894
1614059640944728919
1614059640944728930
1614059640944729010
1614059640944729124
1614059640944729132
1614059640944729146
1614059640944729148
1614059640944729158
1614059640944729164
1614059640944729185
1614059640944729190
1614059640944729196
1614059640944729224
1614059640944729254
1614059640944729255
1614059640944729357
1614059640944729364
1614059640944729377
1614059640944729407
1614059640944729424
1614059640944729425
1614059640944729442
1614059640944729496
1614059640944729544
1614059640944729569
1614059640944729620
1614059640944729659
1614059640944729726
1614059640944729794
1614059640944729863
1614059640944729891
1614059640944729924
1614059640944729926
1614059640944729946
1614059640944729949
1614059640944729954
1614059640944729972
1614059640944729992
1614059640944730022
1614059640944730056
1614059640944730116
1614059640944730132
1614059640944730147
1614059640944730176
1614059640944730192
1614059640944730200
1614059640944730213
1614059640944730253
1614059640944730296
1614059640944730353
1614059640944730390
1614059640944730397
1614059640944730448
1614059640944730483
1614059640944730508
1614059640944730531
1614059640944730596
1614059640944730646
1614059640944730657
1614059640944730790
1614059640944730804
1614059640944730818
1614059640944730822
1614059640944730855
1614059640944730901
1614059640944730907
1614059640944730996
1614059640944731032
1614059640944731161
1614059640944731175
1614059640944731189
1614059640944731239
1614059640944731275
1614059640944731323
1614059640944731351
1614059640944731361
1614059640944731379
1614059640944731413
1614059640944731517
1614059640944731547
1614059640944731562
1614059640944731563
1614059640944731634
1614059640944731663
1614059640944731680
1614059640944731681
1614059640944731757
1614059640944731785
1614059640944731841
1614059640944731858
1614059640944731901
1614059640944731981
1614059640944732024
1614059640944732092
1614059640944732105
1614059640944732112
1614059640944732117
1614059640944732147
1614059640944732216
1614059640944732220
1614059640944732528
1614059640944732674
1614059640944732697
1614059640944732718
1614059640944732773
1614059640944732790
1614059640944732805
1614059640944732844
1614059640944732847
1614059640944732876
1614059640944732904
1614059640944732934
1614059640944733003
1614059640944733010
1614059640944733024
1614059640944733029
1614059640944733111
1614059640944733195
1614059640944733242
1614059640944733399
1614059640944733515
1614059640944733550
1614059640944733575
1614059640944733606
1614059640944733609
1614059640944733614
1614059640944733633
1614059640944733637
1614059640944733640
1614059640944733673
1614059640944733717
1614059640944733739
1614059640944733813
1614059640944733938
1614059640944733951
1614059640944733958
1614059640944733962
1614059640944734012
1614059640944734028
1614059640944734048
1614059640944734099
1614059640944734187
1614059640944734240
1614059640944734417
1614059640944734423
1614059640944734455
1614059640944734511
1614059640944734560
1614059640944734638
1614059640944734656
1614059640944734680
1614059640944734748
1614059640944734773
1614059640944734886
1614059640944734887
1614059640944734889
1614059640944734905
1614059640944734909
1614059640944734916
1614059640944734989
1614059640944735008
1614059640944735040
1614059640944735082
1614059640944735120
1614059640944735171
1614059640944735178
1614059640944735203
1614059640944735286
1614059640944735417
1614059640944735497
1614059640944735532
1614059640944735601
1614059640944735608
1614059640944735755
1614059640944735778
1614059640944735798
1614059640944735829
1614059640944735901
1614059640944735908
1614059640944735930
1614059640944735954
1614059640944736017
1614059640944736021
1614059640944736061
1614059640944736159
1614059640944736184
1614059640944736200
1614059640944736211
1614059640944736254
1614059640944736330
1614059640944736347
1614059640944736355
1614059640944736407
1614059640944736413
1614059640944736450
1614059640944736479
1614059640944736494
1614059640944736533
1614059640944736537
1614059640944736552
1614059640944736556
1614059640944736573
1614059640944736636
1614059640944736681
1614059640944736715
1614059640944736722
1614059640944736823
1614059640944736832
1614059640944736878
1614059640944736885
1614059640944737204
1614059640944737216
1614059640944737223
1614059640944737259
1614059640944737303
1614059640944737368
1614059640944737452
1614059640944737472
1614059640944737513
1614059640944737552
1614059640944737554
1614059640944737566
1614059640944737599
1614059640944737611
1614059640944737746
1614059640944737757
1614059640944737802
1614059640944737834
1614059640944737883
1614059640944737922
1614059640944737965
1614059640944737983
1614059640944738012
1614059640944738111
1614059640944738160
1614059640944738205
1614059640944738322
1614059640944738356
1614059640944738435
1614059640944738523
1614059640944738707
1614059640944739025
1614059640944739073
1614059640944739237
1614059640944739293
1614059640944739302
1614059640944739324
1614059640944739537
1614059640944739697
1614059640944739810
1614059640944739965
1614059640944740163
1614059640944740523
1614059640944740567
1614059640944740568
1614059640944740590
1614059640944740635
1614059640944740648
1614059640944740734
